100
1 5
86 89
28 76
32 43
37 64
9 52
7 85
6 34
91 94
77 85
70 95
72 81
17 45
47 60
82 87
48 56
87 91
77 99
49 94
82 83
14 27
50 52
59 60
77 92
77 93
56 65
68 87
95 98
99 100
67 77
9 79
50 94
51 79
95 98
34 35
70 99
77 94
20 32
91 98
59 94
69 78
10 66
28 91
16 39
54 98
18 31
27 40
58 79
29 40
61 90
74 77
8 14
11 82
80 88
61 78
74 87
34 88
81 84
10 16
6 25
67 75
57 68
37 89
32 54
65 89
90 93
48 64
76 94
55 87
41 73
59 95
67 71
47 68
12 17
55 85
8 92
84 95
92 94
70 92
50 83
16 36
94 96
13 98
31 35
11 88
55 86
10 70
2 33
90 95
33 63
90 94
36 67
8 86
76 81
92 96
13 90
40 53
80 92
11 66
92 96
